40
334
336
339
444
475
479
736
740
747
748
756
763
764
768
772
773
784
799
817
838
848
851
889
896
911
917
920
922
925
931
936
953
991
996
1013
1016
1056
1062
1490
1497
1504
1520
1526
1529
1538
1544
1556
1558
40704
40707
41538
41675
41919
43958
44160
44261
44344
44353
44370
44382
44383
44395
44397
44412
44422
44429
44433
44442
44444
44456
44465
44486
44493
44523
44527
44530
44552
44566
44573
44577
44593
44616
44620
44640
44679
44680
44682
44713
44756
44791
45063
45584
45595
45601
45610
45613
45615
45619
45623
